27 686
977 469
46 332
983 311
409 819
436 594
169 78
130 887
38 578
901 720
206 289
911 135
516 1000
954 775
750 351
623 55
771 972
658 248
206 543
582 146
690 149
566 32
575 63
767 2
579 311
235 301
258 183
366 98
262 95
899 981
589 177
599 3
789 638
325 245
771 456
876 553
436 282
738 268
713 20
51 200
582 101
702 157
169 720
477 905
575 875
773 435
131 356
558 280
27 952
939 245
542 429
613 884
892 828
893 524
635 908
468 710
816 915
530 461
978 513
409 596
434 59
658 55
903 505
384 230
618 541
823 328
432 507
902 249
536 40
633 391
408 12
25 900
179 384
907 844
485 417
708 599
385 203
500 336
590 838
58 172
848 582
26 17
997 918
798 95
970 811
265 7
905 973
158 32
240 502
220 629
400 753
76 925
200 756
822 394
551 655
317 792
388 964
853 491
214 454
584 857
412 120
717 272
413 113
616 653
977 590
832 833
544 841
672 511
583 538
330 839
109 83
643 509
355 389
272 796
883 838
918 380
619 747
301 956
63 338
459 489
767 383
679 41
879 723
796 121
387 664
98 533
373 592
261 39
421 793
889 102
265 118
372 996
873 167
297 817
1000 463
49 213
217 677
33 764
990 517
147 720
459 860
734 72
848 404
64 118
303 961
321 429
909 672
184 213
666 906
124 928
33 498
126 174
62 810
257 818
130 488
204 565
739 256
371 785
297 926
455 563
471 680
460 322
823 350
133 203
193 376
121 386
524 297
10 83
806 956
600 982
466 444
231 912
866 246
510 522
651 238
891 799
298 559
559 242
466 629
415 113
545 473
796 104
510 724
768 163
370 680
159 227
239 885
94 241
146 600
855 996
794 343
822 962
662 478
169 23
769 92
763 359
379 148
677 960
780 665
241 912
819 140
234 582
908 81
356 830
431 199
891 756
483 506
33 782
778 81
87 248
958 582
143 307
759 622
235 16
529 208
456 847
155 802
670 724
896 467
287 829
483 741
938 442
943 350
922 522
438 515
757 121
849 676
9 284
606 358
93 141
562 528
340 317
37 435
134 587
771 362
982 646
695 333
320 456
157 275
717 20
306 676
59 757
622 356
633 475
629 30
811 174
916 955
968 481
267 378
482 159
754 78
924 836
17 859
872 619
640 69
12 901
588 323
325 49
335 94
202 369
139 547
166 419
117 330
676 232
466 484
329 351
717 589
187 91
283 827
905 311
17 638
733 78
687 869
963 516
368 804
271 312
277 576
529 907
492 922
632 414
528 821
621 87
308 485
773 664
569 814
580 794
33 994
506 925
614 810
5 675
39 307
644 447
391 836
417 275
448 335
596 516
414 799
294 729
527 619
751 329
454 103
86 665
269 821
535 690
155 598
479 215
955 376
104 612
132 753
378 16
813 845
448 596
534 573
941 567
969 345
428 384
53 66
262 92
597 360
932 677
8 240
766 811
787 834
533 519
544 766
616 800
51 900
196 394
910 408
788 24
945 144
51 496
974 464
632 481
543 706
236 139
91 781
129 365
887 552
697 80
514 392
107 63
378 70
204 834
18 399
823 632
362 28
984 146
698 308
359 640
897 420
534 401
273 457
902 934
975 722
334 843
481 315
743 920
86 807
980 45
988 802
506 529
240 872
672 128
311 591
275 874
432 314
437 675
10 133
303 190
524 654
601 612
278 980
531 597
62 637
365 198
489 343
222 76
792 671
429 176
970 346
203 858
997 497
417 343
543 546
938 891
995 348
37 46
611 832
764 406
32 417
289 629
32 847
676 643
584 137
467 703
351 184
651 418
197 504
454 717
898 507
314 495
886 249
213 502
244 112
111 398
637 475
350 60
109 598
85 466
136 51
136 537
163 681
77 280
907 569
250 716
411 976
651 925
333 634
755 844
616 739
696 168
621 443
780 280
219 570
44 31
178 751
537 874
947 919
698 280
713 486
531 158
128 522
236 153
146 4
750 522
681 521
920 394
122 140
70 322
957 598
570 565
209 176
82 999
910 155
843 580
923 74
61 844
771 209
787 25
757 514
606 589
669 104
717 781
141 125
175 776
149 209
722 361
440 91
288 23
800 174
435 497
304 110
457 961
836 498
562 256
922 762
132 783
655 638
274 951
476 940
917 616
257 812
554 922
777 891
58 217
985 131
208 254
892 75
654 662
542 536
440 566
731 247
436 546
850 88
35 793
858 46
165 214
60 945
324 364
307 59
192 30
831 495
234 605
430 901
40 950
857 77
635 213
860 894
412 823
650 641
255 346
735 63
113 107
357 483
675 97
636 863
411 930
924 273
100 625
586 120
570 794
231 454
795 94
844 321
30 671
325 755
670 142
129 321
881 638
440 2
973 756
749 554
932 880
70 973
964 395
504 253
627 568
446 477
809 804
822 136
781 714
692 42
335 627
816 620
260 102
362 41
240 845
401 413
352 914
81 354
534 360
184 129
891 580
519 965
528 532
478 327
106 320
567 962
542 341
163 273
530 14
957 488
251 717
914 870
995 854
975 620
435 134
253 172
485 166
679 92
162 696
194 414
912 43
14 383
611 531
431 498
546 838
236 298
898 394
976 37
354 999
324 749
856 420
142 90
362 857
304 213
216 433
121 554
498 95
293 246
181 355
1 819
196 828
77 717
449 828
122 110
173 457
173 420
657 308
73 554
815 274
302 315
717 578
175 797
474 84
798 645
492 551
305 211
735 972
429 577
375 560
539 592
438 689
97 105
76 690
634 970
77 417
75 836
998 844
646 507
352 944
114 33
969 619
142 384
563 759
763 823
419 220
859 746
835 619
177 725
9 255
287 997
632 225
920 114
805 711
968 487
16 518
936 868
412 589
930 839
325 827
946 779
852 302
480 143
950 62
78 904
151 668
954 565
773 353
34 559
120 913
834 457
948 243
649 465
895 10
514 277
409 908
709 207
676 900
689 930
585 319
651 811
612 151
410 835
312 451
854 295
848 816
976 921
904 702
551 789
428 646
63 368
465 996
416 620
713 325
329 591
147 832
594 887
3 878
321 543
365 757
909 270
850 785
287 839
561 981
666 742
373 812
650 82
257 649
109 240
190 775
216 691
357 636
284 329
760 434
746 547
856 84
257 916
942 881
747 643
290 509
419 559
418 161
144 720
204 866
786 738
719 466
925 806
178 221
74 324
276 974
674 304
519 60
754 970
467 540
893 527
909 287
685 103
312 782
604 679
994 801
913 718
39 794
861 435
182 579
332 644
601 458
382 724
453 897
785 275
147 940
20 745
281 982
552 522
597 129
649 8
669 386
573 460
325 311
688 685
737 292
868 429
303 688
600 892
549 176
433 469
150 240
119 261
313 429
368 159
440 165
565 459
195 764
903 282
58 185
516 657
801 202
607 660
459 669
302 307
22 777
892 532
835 215
448 981
173 799
604 873
256 896
838 713
82 333
347 969
836 715
514 609
124 895
102 253
270 435
841 277
70 635
396 316
99 442
110 523
201 599
847 676
687 283
710 496
578 410
524 500
702 790
700 23
208 374
199 551
295 959
353 666
284 837
925 889
212 558
830 290
345 445
933 890
691 939
68 465
933 826
410 697
522 59
696 873
737 872
359 482
342 269
297 103
861 575
501 110
554 299
444 269
904 177
383 110
830 86
569 958
919 440
309 566
114 17
752 129
647 236
509 468
866 265
590 246
473 633
985 276
570 47
305 75
837 4
657 557
458 907
566 936
464 952
439 573
103 831
229 772
463 155
240 732
629 6
793 380
231 402
642 135
148 435
112 162
300 150
201 603
888 776
118 182
989 763
221 422
543 960
577 307
252 55
44 661
465 403
262 111
841 595
172 468
490 798
339 147
502 523
379 55
490 227
274 344
225 639
159 167
701 492
893 33
408 595
836 880
7 286
142 159
119 256
318 383
195 524
982 115
413 853
58 797
102 866
419 247
413 996
874 632
358 863
520 101
479 832
167 457
491 943
271 739
647 95
156 253
970 882
767 820
242 530
918 437
955 985
212 596
269 72
351 831
695 426
752 593
796 467
940 745
113 497
136 623
781 712
197 480
269 45
205 886
881 995
446 63
793 930
226 188
359 292
249 683
528 11
671 296
216 483
190 673
467 444
728 312
523 400
778 738
336 20
360 333
55 790
355 137
718 784
822 950
333 385
939 56
766 387
909 716
739 822
301 379
14 365
921 194
681 691
946 370
600 478
788 967
772 808
667 841
300 882
664 781
53 524
53 719
489 803
645 602
386 535
128 142
60 307
742 603
493 718
350 317
746 857
149 162
878 238
275 492
902 799
566 362
775 567
288 42
269 33
248 160
458 686
68 821
262 13
897 122
267 615
503 599
825 160
154 639
932 108
272 424
392 298
905 656
333 218
804 951
943 214
940 683
794 906
820 39
13 741
943 557
170 289
658 510
430 546
952 210
207 34
562 390
621 328
876 958
105 147
265 98
956 165
167 440
555 65
993 555
487 181
101 593
973 332
96 845
108 826
637 831
245 2
584 786
358 883
757 897
406 620
1 2
2 3
3 4
4 5
5 6
6 7
7 8
8 9
9 10
10 11
11 12
12 13
13 14
14 15
15 16
16 17
17 18
18 19
19 20
20 21
21 22
22 23
23 24
24 25
25 26
26 27
27 28
28 29
29 30
30 31
31 32
32 33
33 34
34 35
35 36
36 37
37 38
38 39
39 40
40 41
41 42
42 43
43 44
44 45
45 46
46 47
47 48
48 49
49 50
50 51
51 52
52 53
53 54
54 55
55 56
56 57
57 58
58 59
59 60
60 61
61 62
62 63
63 64
64 65
65 66
66 67
67 68
68 69
69 70
70 71
71 72
72 73
73 74
74 75
75 76
76 77
77 78
78 79
79 80
80 81
81 82
82 83
83 84
84 85
85 86
86 87
87 88
88 89
89 90
90 91
91 92
92 93
93 94
94 95
95 96
96 97
97 98
98 99
99 100
100 101
101 102
102 103
103 104
104 105
105 106
106 107
107 108
108 109
109 110
110 111
111 112
112 113
113 114
114 115
115 116
116 117
117 118
118 119
119 120
120 121
121 122
122 123
123 124
124 125
125 126
126 127
127 128
128 129
129 130
130 131
131 132
132 133
133 134
134 135
135 136
136 137
137 138
138 139
139 140
140 141
141 142
142 143
143 144
144 145
145 146
146 147
147 148
148 149
149 150
150 151
151 152
152 153
153 154
154 155
155 156
156 157
157 158
158 159
159 160
160 161
161 162
162 163
163 164
164 165
165 166
166 167
167 168
168 169
169 170
170 171
171 172
172 173
173 174
174 175
175 176
176 177
177 178
178 179
179 180
180 181
181 182
182 183
183 184
184 185
185 186
186 187
187 188
188 189
189 190
190 191
191 192
192 193
193 194
194 195
195 196
196 197
197 198
198 199
199 200
200 201
201 202
202 203
203 204
204 205
205 206
206 207
207 208
208 209
209 210
210 211
211 212
212 213
213 214
214 215
215 216
216 217
217 218
218 219
219 220
220 221
221 222
222 223
223 224
224 225
225 226
226 227
227 228
228 229
229 230
230 231
231 232
232 233
233 234
234 235
235 236
236 237
237 238
238 239
239 240
240 241
241 242
242 243
243 244
244 245
245 246
246 247
247 248
248 249
249 250
250 251
251 252
252 253
253 254
254 255
255 256
256 257
257 258
258 259
259 260
260 261
261 262
262 263
263 264
264 265
265 266
266 267
267 268
268 269
269 270
270 271
271 272
272 273
273 274
274 275
275 276
276 277
277 278
278 279
279 280
280 281
281 282
282 283
283 284
284 285
285 286
286 287
287 288
288 289
289 290
290 291
291 292
292 293
293 294
294 295
295 296
296 297
297 298
298 299
299 300
300 301
301 302
302 303
303 304
304 305
305 306
306 307
307 308
308 309
309 310
310 311
311 312
312 313
313 314
314 315
315 316
316 317
317 318
318 319
319 320
320 321
321 322
322 323
323 324
324 325
325 326
326 327
327 328
328 329
329 330
330 331
331 332
332 333
333 334
334 335
335 336
336 337
337 338
338 339
339 340
340 341
341 342
342 343
343 344
344 345
345 346
346 347
347 348
348 349
349 350
350 351
351 352
352 353
353 354
354 355
355 356
356 357
357 358
358 359
359 360
360 361
361 362
362 363
363 364
364 365
365 366
366 367
367 368
368 369
369 370
370 371
371 372
372 373
373 374
374 375
375 376
376 377
377 378
378 379
379 380
380 381
381 382
382 383
383 384
384 385
385 386
386 387
387 388
388 389
389 390
390 391
391 392
392 393
393 394
394 395
395 396
396 397
397 398
398 399
399 400
400 401
401 402
402 403
403 404
404 405
405 406
406 407
407 408
408 409
409 410
410 411
411 412
412 413
413 414
414 415
415 416
416 417
417 418
418 419
419 420
420 421
421 422
422 423
423 424
424 425
425 426
426 427
427 428
428 429
429 430
430 431
431 432
432 433
433 434
434 435
435 436
436 437
437 438
438 439
439 440
440 441
441 442
442 443
443 444
444 445
445 446
446 447
447 448
448 449
449 450
450 451
451 452
452 453
453 454
454 455
455 456
456 457
457 458
458 459
459 460
460 461
461 462
462 463
463 464
464 465
465 466
466 467
467 468
468 469
469 470
470 471
471 472
472 473
473 474
474 475
475 476
476 477
477 478
478 479
479 480
480 481
481 482
482 483
483 484
484 485
485 486
486 487
487 488
488 489
489 490
490 491
491 492
492 493
493 494
494 495
495 496
496 497
497 498
498 499
499 500
500 501
501 502
502 503
503 504
504 505
505 506
506 507
507 508
508 509
509 510
510 511
511 512
512 513
513 514
514 515
515 516
516 517
517 518
518 519
519 520
520 521
521 522
522 523
523 524
524 525
525 526
526 527
527 528
528 529
529 530
530 531
531 532
532 533
533 534
534 535
535 536
536 537
537 538
538 539
539 540
540 541
541 542
542 543
543 544
544 545
545 546
546 547
547 548
548 549
549 550
550 551
551 552
552 553
553 554
554 555
555 556
556 557
557 558
558 559
559 560
560 561
561 562
562 563
563 564
564 565
565 566
566 567
567 568
568 569
569 570
570 571
571 572
572 573
573 574
574 575
575 576
576 577
577 578
578 579
579 580
580 581
581 582
582 583
583 584
584 585
585 586
586 587
587 588
588 589
589 590
590 591
591 592
592 593
593 594
594 595
595 596
596 597
597 598
598 599
599 600
600 601
601 602
602 603
603 604
604 605
605 606
606 607
607 608
608 609
609 610
610 611
611 612
612 613
613 614
614 615
615 616
616 617
617 618
618 619
619 620
620 621
621 622
622 623
623 624
624 625
625 626
626 627
627 628
628 629
629 630
630 631
631 632
632 633
633 634
634 635
635 636
636 637
637 638
638 639
639 640
640 641
641 642
642 643
643 644
644 645
645 646
646 647
647 648
648 649
649 650
650 651
651 652
652 653
653 654
654 655
655 656
656 657
657 658
658 659
659 660
660 661
661 662
662 663
663 664
664 665
665 666
666 667
667 668
668 669
669 670
670 671
671 672
672 673
673 674
674 675
675 676
676 677
677 678
678 679
679 680
680 681
681 682
682 683
683 684
684 685
685 686
686 687
687 688
688 689
689 690
690 691
691 692
692 693
693 694
694 695
695 696
696 697
697 698
698 699
699 700
700 701
701 702
702 703
703 704
704 705
705 706
706 707
707 708
708 709
709 710
710 711
711 712
712 713
713 714
714 715
715 716
716 717
717 718
718 719
719 720
720 721
721 722
722 723
723 724
724 725
725 726
726 727
727 728
728 729
729 730
730 731
731 732
732 733
733 734
734 735
735 736
736 737
737 738
738 739
739 740
740 741
741 742
742 743
743 744
744 745
745 746
746 747
747 748
748 749
749 750
750 751
751 752
752 753
753 754
754 755
755 756
756 757
757 758
758 759
759 760
760 761
761 762
762 763
763 764
764 765
765 766
766 767
767 768
768 769
769 770
770 771
771 772
772 773
773 774
774 775
775 776
776 777
777 778
778 779
779 780
780 781
781 782
782 783
783 784
784 785
785 786
786 787
787 788
788 789
789 790
790 791
791 792
792 793
793 794
794 795
795 796
796 797
797 798
798 799
799 800
800 801
801 802
802 803
803 804
804 805
805 806
806 807
807 808
808 809
809 810
810 811
811 812
812 813
813 814
814 815
815 816
816 817
817 818
818 819
819 820
820 821
821 822
822 823
823 824
824 825
825 826
826 827
827 828
828 829
829 830
830 831
831 832
832 833
833 834
834 835
835 836
836 837
837 838
838 839
839 840
840 841
841 842
842 843
843 844
844 845
845 846
846 847
847 848
848 849
849 850
850 851
851 852
852 853
853 854
854 855
855 856
856 857
857 858
858 859
859 860
860 861
861 862
862 863
863 864
864 865
865 866
866 867
867 868
868 869
869 870
870 871
871 872
872 873
873 874
874 875
875 876
876 877
877 878
878 879
879 880
880 881
881 882
882 883
883 884
884 885
885 886
886 887
887 888
888 889
889 890
890 891
891 892
892 893
893 894
894 895
895 896
896 897
897 898
898 899
899 900
900 901
901 902
902 903
903 904
904 905
905 906
906 907
907 908
908 909
909 910
910 911
911 912
912 913
913 914
914 915
915 916
916 917
917 918
918 919
919 920
920 921
921 922
922 923
923 924
924 925
925 926
926 927
927 928
928 929
929 930
930 931
931 932
932 933
933 934
934 935
935 936
936 937
937 938
938 939
939 940
940 941
941 942
942 943
943 944
944 945
945 946
946 947
947 948
948 949
949 950
950 951
951 952
952 953
953 954
954 955
955 956
956 957
957 958
958 959
959 960
960 961
961 962
962 963
963 964
964 965
965 966
966 967
967 968
968 969
969 970
970 971
971 972
972 973
973 974
974 975
975 976
976 977
977 978
978 979
979 980
980 981
981 982
982 983
983 984
984 985
985 986
986 987
987 988
988 989
989 990
990 991
991 992
992 993
993 994
994 995
995 996
996 997
997 998
998 999
999 1000
1000 1
